10,76
10,296
10,158
10,302
10,110
10,8
11,4
8,16
21,3
21,2
21,1
21,0
20,3
20,2
20,1
19,3
19,2
19,1
12,3
12,2
12,1
11,29
11,28
11,27
11,26
11,25
11,24
11,23
11,22
11,21
11,20
11,19
11,18
11,17
11,16
11,15
11,14
11,12
11,11
11,10
11,9
18,1
11,8
18,3
11,6
11,5
11,3
11,2
11,1
10,292
10,274
10,270
10,266
10,244
10,238
10,188
10,182
10,181
10,172
10,169
10,160
10,154
10,133
10,130
10,124
10,102
10,101
10,99
10,81
10,29
10,10
10,3
10,2
10,1
9,7
9,6
9,5
9,4
9,3
9,2
9,1
8,18
8,15
8,14
8,13
8,12
8,11
8,10
8,8
8,7
8,6
8,5
8,4
8,3
8,2
8,1
3,3
3,2
3,1
2,3
2,2
2,1
0,273
32,1
32,3
13,1
13,3
14,1
14,3
0,0
